[gd_scene load_steps=4 format=3 uid="uid://bq11dsxkra3s4"]

[ext_resource type="Script" uid="uid://bhlvub0gn61wg" path="res://scripts/environment/world/us_open/cameras/cameras.gd" id="1_ibrh3"]
[ext_resource type="Script" uid="uid://bn6tlcpxi7l1t" path="res://scripts/utilities/free_look_camera.gd" id="2_rx4uh"]
[ext_resource type="PackedScene" uid="uid://d237t32p1sgei" path="res://scenes/environment/world/us_open/stadium.tscn" id="3_pi3s4"]

[node name="Cameras" type="Node3D" node_paths=PackedStringArray("cams")]
script = ExtResource("1_ibrh3")
cams = [NodePath("FlyingCam"), NodePath("StaticEastCam"), NodePath("TopFront"), NodePath("TopBack"), NodePath("CourtSideFront"), NodePath("CourtSideBack")]

[node name="FlyingCam" type="Camera3D" parent="."]
transform = Transform3D(0.73468, 0.384394, -0.559005, 0.00282663, 0.822247, 0.569124, 0.678408, -0.419704, 0.603002, -19.984, 17.5928, 16.17)
fov = 30.0
far = 8192.0
script = ExtResource("2_rx4uh")

[node name="StaticEastCam" type="Camera3D" parent="."]
transform = Transform3D(-0.253251, 0, 0.967401, 0, 1, 0, -0.967401, 0, -0.253251, 10.9755, 1.78039, 0)
fov = 24.4

[node name="TopFront" type="Camera3D" parent="."]
transform = Transform3D(1, 0, 0, 0, 0.948324, 0.317305, 0, -0.317305, 0.948324, 0, 9.836, 35.084)
current = true
fov = 22.5
size = 97.38

[node name="TopBack" type="Camera3D" parent="."]
transform = Transform3D(-1, 2.77397e-08, -8.29051e-08, 0, 0.948324, 0.317305, 8.74228e-08, 0.317305, -0.948324, 0, 9.836, -35.084)
fov = 22.5
size = 97.38

[node name="MiddleFront" type="Camera3D" parent="."]
transform = Transform3D(1, 0, 0, 0, 0.963631, 0.267239, 0, -0.267239, 0.963631, 0, 6.936, 28.829)
current = true
fov = 24.5
size = 97.38

[node name="MiddleBack" type="Camera3D" parent="."]
transform = Transform3D(-1, 4.79117e-08, -1.43193e-07, 0, 0.948324, 0.317305, 1.50996e-07, 0.317305, -0.948324, 0, 7.446, -33.359)
fov = 23.5
size = 97.38

[node name="CourtSideFront" type="Camera3D" parent="."]
transform = Transform3D(1, 0, 0, 0, 1, 0, 0, 0, 1, 0, 1.8, 19)
fov = 39.5

[node name="CourtSideBack" type="Camera3D" parent="."]
transform = Transform3D(-1, 0, -8.74228e-08, 0, 1, 0, 8.74228e-08, 0, -1, 0, 1.8, -19)
fov = 39.5

[node name="CameraTop" type="Camera3D" parent="."]
transform = Transform3D(1, 0, 0, 0, -4.371139e-08, 1, 0, -1, -4.371139e-08, 0, 16.42067, 0)

[node name="Stadium" parent="." instance=ExtResource("3_pi3s4")]
visible = false

[editable path="Stadium"]
[editable path="Stadium/stadium"]
