[gd_scene format=3 uid="uid://cs4gmhfoerm7o"]

[ext_resource type="ArrayMesh" uid="uid://os84n0wcrbwo" path="res://assets/models/player/meshes/djokovic/player_djokovic_Object_1_001.res" id="1_jl0oe"]
[ext_resource type="ArrayMesh" uid="uid://dgt3dcvdsj3wl" path="res://assets/models/player/meshes/djokovic/player_djokovic_base.res" id="2_7gel8"]
[ext_resource type="ArrayMesh" uid="uid://davv7k53727qv" path="res://assets/models/player/meshes/djokovic/player_djokovic_eyebrow012_001.res" id="3_0bkrs"]
[ext_resource type="ArrayMesh" uid="uid://b4owf406mogj1" path="res://assets/models/player/meshes/djokovic/player_djokovic_eyelashes01_001.res" id="4_sj7kp"]
[ext_resource type="ArrayMesh" uid="uid://4r4ft5gety21" path="res://assets/models/player/meshes/djokovic/player_djokovic_high-poly.res" id="5_31gqq"]
[ext_resource type="ArrayMesh" uid="uid://bh1xkor8k7dlb" path="res://assets/models/player/meshes/djokovic/player_djokovic_male_casualsuit06.res" id="6_l5vu2"]
[ext_resource type="ArrayMesh" uid="uid://bba1455ua4iio" path="res://assets/models/player/meshes/djokovic/player_djokovic_m_swimming_trunks_01.res" id="7_k3m6c"]
[ext_resource type="ArrayMesh" uid="uid://bigrd8vndkkuf" path="res://assets/models/player/meshes/djokovic/player_djokovic_shoes05.res" id="8_je8ar"]
[ext_resource type="ArrayMesh" uid="uid://dwsm03iyjwm27" path="res://assets/models/player/meshes/djokovic/player_djokovic_short01_002.res" id="9_egdwq"]
[ext_resource type="ArrayMesh" uid="uid://cuo6ycx507k33" path="res://assets/models/player/meshes/djokovic/player_djokovic_teeth_base_002.res" id="10_elsjp"]
[ext_resource type="ArrayMesh" uid="uid://jtiw8s05dyjw" path="res://assets/models/player/meshes/djokovic/player_djokovic_tongue01_002.res" id="11_tcj0j"]
[ext_resource type="Animation" uid="uid://dcdx3leud3dln" path="res://scenes/player/resources/anims/g_A_pose.res" id="12_5btt7"]
[ext_resource type="Animation" uid="uid://c8somcdc7j3yo" path="res://scenes/player/resources/anims/g_T_pose.res" id="13_v8gh3"]
[ext_resource type="Animation" uid="uid://u4sps08gmi0w" path="res://scenes/player/resources/anims/g_active_idle.res" id="14_2qyqs"]
[ext_resource type="Animation" uid="uid://ccpqycy8l6oef" path="res://scenes/player/resources/anims/g_active_idle_to_forehand.res" id="15_pocno"]
[ext_resource type="Animation" uid="uid://bbe1t7uf7ccvk" path="res://scenes/player/resources/anims/g_backhand.res" id="16_s2ogp"]
[ext_resource type="Animation" uid="uid://c2xrwv2bjvql" path="res://scenes/player/resources/anims/g_backhand_down.res" id="17_e40sy"]
[ext_resource type="Animation" uid="uid://cp0cr3dckxqsf" path="res://scenes/player/resources/anims/g_backhand_slice.res" id="18_7f4bo"]
[ext_resource type="Animation" uid="uid://df7a56by5rw7" path="res://scenes/player/resources/anims/g_backhand_up.res" id="19_4l0bl"]
[ext_resource type="Animation" uid="uid://dy0ed3jguyuk" path="res://scenes/player/resources/anims/g_crossover_right.res" id="20_6we7e"]
[ext_resource type="Animation" uid="uid://bl40pa30h7jeo" path="res://scenes/player/resources/anims/g_forehand.res" id="21_rbhaw"]
[ext_resource type="Animation" uid="uid://br24pxnntbbk8" path="res://scenes/player/resources/anims/g_forehand_down.res" id="22_88mtj"]
[ext_resource type="Animation" uid="uid://cs3kuqhgouxri" path="res://scenes/player/resources/anims/g_forehand_open.res" id="23_j37cx"]
[ext_resource type="Animation" uid="uid://bugva6p66w446" path="res://scenes/player/resources/anims/g_forehand_up.res" id="24_icmnf"]
[ext_resource type="Animation" uid="uid://bob3nx1vp3rf3" path="res://scenes/player/resources/anims/g_idle.res" id="25_0gsdp"]
[ext_resource type="Animation" uid="uid://csuo7c2uyvrt4" path="res://scenes/player/resources/anims/g_run_forward.res" id="26_3pyrn"]
[ext_resource type="Animation" uid="uid://bjl2tp7f1ktgb" path="res://scenes/player/resources/anims/g_run_left.res" id="27_sghf3"]
[ext_resource type="Animation" uid="uid://c0hv45e2l0k11" path="res://scenes/player/resources/anims/g_run_right.res" id="28_2t6xc"]
[ext_resource type="Animation" uid="uid://bsphldyh6uri" path="res://scenes/player/resources/anims/g_serve.res" id="29_7se6o"]
[ext_resource type="Animation" uid="uid://bp77rricylw1g" path="res://scenes/player/resources/anims/g_sidestep_left.res" id="30_s0g4o"]
[ext_resource type="Animation" uid="uid://bi5wmnk5s502b" path="res://scenes/player/resources/anims/g_sidestep_right.res" id="31_sbe60"]
[ext_resource type="Animation" uid="uid://dsvhufju5eqg8" path="res://scenes/player/resources/anims/g_sproing_right.res" id="32_hfwbf"]

[sub_resource type="Skin" id="Skin_w0f06"]
resource_name = "Skin"
bind_count = 176
bind/0/name = &"Hips"
bind/0/bone = -1
bind/0/pose = Transform3D(1, 0, 0, 0, 0.9999999, 1.4901161e-08, 0, 2.9802322e-08, 0.9999999, 0, -0.9454935, -0.011756152)
bind/1/name = &"Spine"
bind/1/bone = -1
bind/1/pose = Transform3D(1, 0, 0, 0, 1, -1.4901161e-08, 0, 5.9604645e-08, 1, 0, -1.1223291, 0.023822695)
bind/2/name = &"DEF-spine.002"
bind/2/bone = -1
bind/2/pose = Transform3D(1, 0, 0, 0, 0.9999999, 1.4901161e-08, 0, 2.9802322e-08, 0.9999999, 0, -1.1939272, 0.013844684)
bind/3/name = &"Chest"
bind/3/bone = -1
bind/3/pose = Transform3D(1, 0, 0, 0, 0.9999998, 0, 0, 4.4703484e-08, 0.9999998, 0, -1.2588341, 0.022874579)
bind/4/name = &"UpperChest"
bind/4/bone = -1
bind/4/pose = Transform3D(1, 0, 0, 0, 0.9999997, 1.0430813e-07, 0, -7.4505806e-08, 0.9999997, 0, -1.4113538, 0.04496938)
bind/5/name = &"Neck"
bind/5/bone = -1
bind/5/pose = Transform3D(1, 0, 0, 0, 0.9999997, 1.1920929e-07, 0, -8.940697e-08, 0.9999997, 0, -1.6425526, -0.015632719)
bind/6/name = &"Head"
bind/6/bone = -1
bind/6/pose = Transform3D(1, 0, 0, 0, 0.99999964, 9.033829e-08, 0, -3.0733645e-08, 0.9999997, 0, -1.745658, -0.04739093)
bind/7/name = &"DEF-ear.L"
bind/7/bone = -1
bind/7/pose = Transform3D(0.99893546, -0.012020517, 0.044537503, 0.01215205, 0.99992245, -0.0026836582, -0.0445018, 0.0032220527, 0.99900407, -0.05360474, -1.7469329, -0.068213664)
bind/8/name = &"DEF-ear.L.001"
bind/8/bone = -1
bind/8/pose = Transform3D(0.873815, -0.36210784, 0.32453856, 0.48288095, 0.5676634, -0.6667714, 0.05721442, 0.7393481, 0.6708878, 0.55845875, -0.9986485, -1.3607033)
bind/9/name = &"DEF-ear.L.002"
bind/9/bone = -1
bind/9/pose = Transform3D(0.84519017, -0.25267658, 0.47096553, 0.02348869, -0.86277705, -0.5050389, 0.5339496, 0.43791616, -0.723275, 0.3578307, 1.566517, -0.7922557)
bind/10/name = &"DEF-ear.L.003"
bind/10/bone = -1
bind/10/pose = Transform3D(0.9049627, 0.0011882496, 0.425489, -0.21581632, -0.8605324, 0.46141782, 0.3666955, -0.50939375, -0.7784932, -0.094926156, 1.523891, 0.90127033)
bind/11/name = &"DEF-ear.L.004"
bind/11/bone = -1
bind/11/pose = Transform3D(0.9254099, 0.2742087, 0.26158413, -0.36752748, 0.48105997, 0.79593, 0.09241332, -0.83270067, 0.5459569, -0.5624844, -0.8528701, 1.4116278)
bind/12/name = &"DEF-ear.R"
bind/12/bone = -1
bind/12/pose = Transform3D(0.99893546, 0.012020517, -0.044537503, -0.01215205, 0.99992245, -0.0026836582, 0.0445018, 0.0032220527, 0.99900407, 0.05360474, -1.7469329, -0.068213664)
bind/13/name = &"DEF-ear.R.001"
bind/13/bone = -1
bind/13/pose = Transform3D(0.873815, 0.36210784, -0.32453856, -0.48288095, 0.5676634, -0.6667714, -0.05721442, 0.7393481, 0.6708878, -0.55845875, -0.9986485, -1.3607033)
bind/14/name = &"DEF-ear.R.002"
bind/14/bone = -1
bind/14/pose = Transform3D(0.84519017, 0.25267658, -0.47096553, -0.02348869, -0.86277705, -0.5050389, -0.5339496, 0.43791616, -0.723275, -0.3578307, 1.566517, -0.7922557)
bind/15/name = &"DEF-ear.R.003"
bind/15/bone = -1
bind/15/pose = Transform3D(0.9049627, -0.0011882496, -0.425489, 0.21581632, -0.8605324, 0.46141782, -0.3666955, -0.50939375, -0.7784932, 0.094926156, 1.523891, 0.90127033)
bind/16/name = &"DEF-ear.R.004"
bind/16/bone = -1
bind/16/pose = Transform3D(0.9254099, -0.2742087, -0.26158413, 0.36752748, 0.48105997, 0.79593, -0.09241332, -0.83270067, 0.5459569, 0.5624844, -0.8528701, 1.4116278)
bind/17/name = &"DEF-nose.002"
bind/17/bone = -1
bind/17/pose = Transform3D(1, 0, 0, 0, -0.49996522, -0.86604553, 0, 0.86604553, -0.49996534, 0, 1.0269303, -1.4109981)
bind/18/name = &"DEF-nose.003"
bind/18/bone = -1
bind/18/pose = Transform3D(1, 0, 0, 0, -0.6914645, -0.72241026, 0, 0.72241026, -0.6914647, 0, 1.3231682, -1.128878)
bind/19/name = &"DEF-nose.L.001"
bind/19/bone = -1
bind/19/pose = Transform3D(-0.7996675, 1.4531166e-07, -0.60044307, -0.59635043, -0.11655497, 0.7942169, -0.0699846, 0.9931842, 0.09320533, 0.11043228, 0.0836956, -1.7407318)
bind/20/name = &"DEF-nose.R.001"
bind/20/bone = -1
bind/20/pose = Transform3D(-0.7996675, -1.4531166e-07, 0.60044307, 0.59635043, -0.11655497, 0.7942169, 0.0699846, 0.9931842, 0.09320533, -0.11043228, 0.0836956, -1.7407318)
bind/21/name = &"DEF-teeth.T"
bind/21/bone = -1
bind/21/pose = Transform3D(1, 0, 0, 0, 0.094085015, -0.99556416, 0, 0.99556416, 0.09408497, 0, -0.004452526, -1.7289501)
bind/22/name = &"LeftEye"
bind/22/bone = -1
bind/22/pose = Transform3D(1.0000001, 1.5832484e-08, -3.8882717e-08, 6.2282197e-09, 8.940697e-08, 0.99999976, -1.21071935e-08, -0.99999964, -8.940697e-08, -0.029734053, -0.13815866, 1.7862227)
bind/23/name = &"DEF-eye_master.L"
bind/23/bone = -1
bind/23/pose = Transform3D(-0.9912673, -2.7553982e-05, 0.13186707, 0.13154106, -0.07048056, 0.98880184, 0.009266849, 0.99751323, 0.06986885, 0.011305025, -0.01462868, -1.7917101)
bind/24/name = &"DEF-lid.B.L"
bind/24/bone = -1
bind/24/pose = Transform3D(0.1885826, -0.6526881, -0.7337811, -0.5368304, -0.6941842, 0.479501, -0.8223439, 0.3034904, -0.4812939, 1.2616177, 1.1933906, -0.43394014)
bind/25/name = &"DEF-lid.B.L.001"
bind/25/bone = -1
bind/25/pose = Transform3D(-0.14084432, -0.87101567, -0.47063217, -0.8652118, -0.12277029, 0.48614386, -0.4812188, 0.475667, -0.73632145, 1.6250384, 0.18312366, -0.7169564)
bind/26/name = &"DEF-lid.B.L.002"
bind/26/bone = -1
bind/26/pose = Transform3D(-0.1081593, -0.87358373, -0.47450304, -0.988912, 0.14339986, -0.03859163, 0.101756714, 0.46506765, -0.8794072, 1.6291884, -0.21831925, -0.6940852)
bind/27/name = &"DEF-lid.B.L.003"
bind/27/bone = -1
bind/27/pose = Transform3D(-0.38927934, -0.75503457, -0.52762157, -0.82850367, 0.5373314, -0.1576592, 0.40254575, 0.3757631, -0.83472085, 1.4331306, -0.9118931, -0.54919994)
bind/28/name = &"DEF-lid.T.L"
bind/28/bone = -1
bind/28/pose = Transform3D(-0.4674698, 0.8496859, -0.24393798, 0.7623765, 0.5271839, 0.37531137, 0.447497, -0.010525995, -0.8942232, -1.470127, -1.0097332, 0.14790505)
bind/29/name = &"DEF-lid.T.L.001"
bind/29/bone = -1
bind/29/pose = Transform3D(-0.25296402, 0.95351624, -0.1637544, 0.9532584, 0.27456057, 0.12615214, 0.16524862, -0.12418835, -0.9784015, -1.6730474, -0.53195393, 0.370554)
bind/30/name = &"DEF-lid.T.L.002"
bind/30/bone = -1
bind/30/pose = Transform3D(0.09020011, 0.9796982, -0.17903963, 0.9191704, -0.15109797, -0.36372384, -0.38339227, -0.13176005, -0.91413856, -1.7279061, 0.29953992, 0.39066052)
bind/31/name = &"DEF-lid.T.L.003"
bind/31/bone = -1
bind/31/pose = Transform3D(0.2792511, 0.9036154, -0.32480377, 0.4640936, -0.42313984, -0.77818316, -0.84061617, 0.06656926, -0.53752464, -1.577488, 0.85586476, -0.0024009582)
bind/32/name = &"DEF-eye_iris.L"
bind/32/bone = -1
bind/32/pose = Transform3D(-0.99126625, 8.741122e-05, 0.13187526, 0.13154113, -0.07049018, 0.9888012, 0.009382374, 0.99751246, 0.06986319, 0.011098502, -0.031215055, -1.7917114)
bind/33/name = &"RightEye"
bind/33/bone = -1
bind/33/pose = Transform3D(1.0000001, -1.5832484e-08, 3.8882717e-08, -6.2282197e-09, 8.940697e-08, 0.99999976, 1.21071935e-08, -0.99999964, -8.940697e-08, 0.029734053, -0.13815866, 1.7862227)
bind/34/name = &"DEF-eye_master.R"
bind/34/bone = -1
bind/34/pose = Transform3D(-0.9912673, 2.7553982e-05, -0.13186707, -0.13154106, -0.07048056, 0.98880184, -0.009266849, 0.99751323, 0.06986885, -0.011305025, -0.01462868, -1.7917101)
bind/35/name = &"DEF-lid.B.R"
bind/35/bone = -1
bind/35/pose = Transform3D(0.1885826, 0.6526881, 0.7337811, 0.5368304, -0.6941842, 0.479501, 0.8223439, 0.3034904, -0.4812939, -1.2616177, 1.1933906, -0.43394014)
bind/36/name = &"DEF-lid.B.R.001"
bind/36/bone = -1
bind/36/pose = Transform3D(-0.14084432, 0.87101567, 0.47063217, 0.8652118, -0.12277029, 0.48614386, 0.4812188, 0.475667, -0.73632145, -1.6250384, 0.18312366, -0.7169564)
bind/37/name = &"DEF-lid.B.R.002"
bind/37/bone = -1
bind/37/pose = Transform3D(-0.1081593, 0.8735836, 0.4745032, 0.9889121, 0.14339991, -0.038591657, -0.10175677, 0.4650678, -0.87940717, -1.6291883, -0.21831927, -0.69408554)
bind/38/name = &"DEF-lid.B.R.003"
bind/38/bone = -1
bind/38/pose = Transform3D(-0.38927937, 0.7550345, 0.5276216, 0.8285038, 0.5373314, -0.15765916, -0.40254575, 0.37576306, -0.83472073, -1.4331306, -0.9118932, -0.54920006)
bind/39/name = &"DEF-lid.T.R"
bind/39/bone = -1
bind/39/pose = Transform3D(-0.4674698, -0.8496859, 0.24393798, -0.7623765, 0.5271839, 0.37531137, -0.447497, -0.010525995, -0.8942232, 1.470127, -1.0097332, 0.14790505)
bind/40/name = &"DEF-lid.T.R.001"
bind/40/bone = -1
bind/40/pose = Transform3D(-0.25296405, -0.95351636, 0.16375415, -0.9532584, 0.27456063, 0.12615211, -0.16524853, -0.124188155, -0.97840154, 1.6730478, -0.53195405, 0.37055364)
bind/41/name = &"DEF-lid.T.R.002"
bind/41/bone = -1
bind/41/pose = Transform3D(0.09020008, -0.97969806, 0.17903967, -0.9191702, -0.15109798, -0.36372375, 0.38339218, -0.13176008, -0.9141385, 1.727906, 0.29953992, 0.3906606)
bind/42/name = &"DEF-lid.T.R.003"
bind/42/bone = -1
bind/42/pose = Transform3D(0.27925095, -0.9036154, 0.3248039, -0.46409374, -0.42314, -0.77818316, 0.84061605, 0.06656908, -0.5375246, 1.5774878, 0.85586494, -0.002400651)
bind/43/name = &"DEF-eye_iris.R"
bind/43/bone = -1
bind/43/pose = Transform3D(-0.99126625, -8.741122e-05, -0.13187526, -0.13154113, -0.07049018, 0.9888012, -0.009382374, 0.99751246, 0.06986319, -0.011098502, -0.031215055, -1.7917114)
bind/44/name = &"DEF-jaw_master"
bind/44/bone = -1
bind/44/pose = Transform3D(1, 0, 0, 0, 0.99999964, -2.9802322e-08, 0, 0, 0.9999998, 0, -1.746964, -0.07384777)
bind/45/name = &"DEF-teeth.B"
bind/45/bone = -1
bind/45/pose = Transform3D(1, 0, 0, 0, 0.19862516, -0.9800755, 0, 0.9800756, 0.19862539, 0, -0.18595861, -1.7013227)
bind/46/name = &"DEF-tongue"
bind/46/bone = -1
bind/46/pose = Transform3D(1, 0, 0, 0, 0.5104779, -0.85989094, 0, 0.8598914, 0.51047856, 0, -0.73927504, -1.5438063)
bind/47/name = &"DEF-tongue.001"
bind/47/bone = -1
bind/47/pose = Transform3D(1, 0, 0, 0, 0.042765163, -0.9990853, 0, 0.9990855, 0.04276603, 0, 0.061584897, -1.7193797)
bind/48/name = &"DEF-tongue.002"
bind/48/bone = -1
bind/48/pose = Transform3D(1, 0, 0, 0, -0.13232464, -0.9912069, 0, 0.9912069, -0.13232377, 0, 0.33928165, -1.6860402)
bind/49/name = &"DEF-chin"
bind/49/bone = -1
bind/49/pose = Transform3D(1, 0, 0, 0, 0.852463, 0.5227877, 0, -0.5227876, 0.852463, 0, -1.5007434, 0.73874897)
bind/50/name = &"DEF-chin.001"
bind/50/bone = -1
bind/50/pose = Transform3D(1, 0, 0, 0, 0.9937027, -0.11204748, 0, 0.11204753, 0.99370277, 0, -1.6519203, -0.35154784)
bind/51/name = &"Jaw"
bind/51/bone = -1
bind/51/pose = Transform3D(-1, 0, 0, 0, 0, 0.9999996, 0, 0.9999995, 1.4901161e-08, 0, -0.1222201, -1.6571976)
bind/52/name = &"DEF-jaw.L"
bind/52/bone = -1
bind/52/pose = Transform3D(-0.9420057, 0.24476759, -0.22959545, -0.2775369, -0.9528187, 0.122920975, -0.1886758, 0.17951342, 0.9654927, -0.34649748, 1.6743625, -0.37205482)
bind/53/name = &"DEF-jaw.L.001"
bind/53/bone = -1
bind/53/pose = Transform3D(-0.9055401, 0.29782128, -0.30215833, -0.40116286, -0.36927164, 0.8382759, 0.13807802, 0.8803075, 0.4538651, -0.43327254, 0.5858439, -1.5449966)
bind/54/name = &"DEF-chin.L"
bind/54/bone = -1
bind/54/pose = Transform3D(-0.61899155, 0.2393258, -0.7480455, -0.030008927, 0.94453955, 0.3270229, 0.7848237, 0.2248727, -0.57748014, -0.27916405, -1.6303788, -0.31549004)
bind/55/name = &"DEF-jaw.R"
bind/55/bone = -1
bind/55/pose = Transform3D(-0.9420057, -0.24476759, 0.22959545, 0.2775369, -0.9528187, 0.122920975, 0.1886758, 0.17951342, 0.9654927, 0.34649748, 1.6743625, -0.37205482)
bind/56/name = &"DEF-jaw.R.001"
bind/56/bone = -1
bind/56/pose = Transform3D(-0.9055401, -0.29782128, 0.30215833, 0.40116286, -0.36927164, 0.8382759, -0.13807802, 0.8803075, 0.4538651, 0.43327254, 0.5858439, -1.5449966)
bind/57/name = &"DEF-chin.R"
bind/57/bone = -1
bind/57/pose = Transform3D(-0.61899155, -0.2393258, 0.7480455, 0.030008927, 0.94453955, 0.3270229, -0.7848237, 0.2248727, -0.57748014, 0.27916405, -1.6303788, -0.31549004)
bind/58/name = &"DEF-lip.T.L"
bind/58/bone = -1
bind/58/pose = Transform3D(0.25019705, 6.8626825e-08, 0.9681951, 0.95838416, -0.14199959, -0.24766178, 0.13748328, 0.98986685, -0.035527926, -0.16111666, 0.2850977, -1.6941855)
bind/59/name = &"DEF-lip.T.L.001"
bind/59/bone = -1
bind/59/pose = Transform3D(0.63306034, -2.8926594e-09, 0.77410233, 0.71981865, -0.36787587, -0.5886669, 0.2847737, 0.9298749, -0.23288766, -0.134269, 0.71812373, -1.5609149)
bind/60/name = &"DEF-lip.T.R"
bind/60/bone = -1
bind/60/pose = Transform3D(0.25019705, -6.8626825e-08, -0.9681951, -0.95838416, -0.14199959, -0.24766178, -0.13748328, 0.98986685, -0.035527926, 0.16111666, 0.2850977, -1.6941855)
bind/61/name = &"DEF-lip.T.R.001"
bind/61/bone = -1
bind/61/pose = Transform3D(0.63306034, 2.8926594e-09, -0.77410233, -0.71981865, -0.36787587, -0.5886669, -0.2847737, 0.9298749, -0.23288766, 0.134269, 0.71812373, -1.5609149)
bind/62/name = &"DEF-lip.B.L"
bind/62/bone = -1
bind/62/pose = Transform3D(0.3090935, 7.9162376e-08, 0.9510317, 0.9509348, 0.014285408, -0.3090621, -0.0135859065, 0.9998981, 0.00441546, -0.15750532, 0.02678326, -1.7087398)
bind/63/name = &"DEF-lip.B.L.001"
bind/63/bone = -1
bind/63/pose = Transform3D(0.55901384, 9.457899e-09, 0.8291584, 0.82741255, 0.064861424, -0.5578367, -0.05378041, 0.9978943, 0.036258426, -0.14085703, -0.030739738, -1.7099729)
bind/64/name = &"DEF-lip.B.R"
bind/64/bone = -1
bind/64/pose = Transform3D(0.3090935, -7.9162376e-08, -0.9510317, -0.9509348, 0.014285408, -0.3090621, 0.0135859065, 0.9998981, 0.00441546, 0.15750532, 0.02678326, -1.7087398)
bind/65/name = &"DEF-lip.B.R.001"
bind/65/bone = -1
bind/65/pose = Transform3D(0.55901384, -9.457899e-09, -0.8291584, -0.82741255, 0.064861424, -0.5578367, 0.05378041, 0.9978943, 0.036258426, 0.14085703, -0.030739738, -1.7099729)
bind/66/name = &"DEF-brow.B.L"
bind/66/bone = -1
bind/66/pose = Transform3D(-0.8036877, -9.1398334e-08, -0.59505117, -0.54718316, 0.39295813, 0.739036, 0.23383021, 0.91955626, -0.31581572, 0.12740427, -0.7763591, -1.6099513)
bind/67/name = &"DEF-brow.B.L.001"
bind/67/bone = -1
bind/67/pose = Transform3D(-0.6733613, -2.8499041e-08, -0.73931324, -0.6746521, 0.40899038, 0.61446846, 0.3023721, 0.9125385, -0.27539843, 0.14204445, -0.78784144, -1.6067512)
bind/68/name = &"DEF-brow.B.L.002"
bind/68/bone = -1
bind/68/pose = Transform3D(-0.28068957, 2.144671e-08, -0.9597986, -0.9585672, 0.050640903, 0.28032964, 0.048604995, 0.9987169, -0.014214332, 0.16028923, -0.0953869, -1.7915661)
bind/69/name = &"DEF-brow.B.L.003"
bind/69/bone = -1
bind/69/pose = Transform3D(0.16691835, 6.553442e-08, -0.9859706, -0.8795487, -0.4519095, -0.14890164, -0.44556952, 0.89206386, -0.07543185, 0.1542878, 0.8551097, -1.5790452)
bind/70/name = &"DEF-brow.B.L.004"
bind/70/bone = -1
bind/70/pose = Transform3D(0.025311401, -0.17321265, -0.984559, 0.021244122, -0.9845589, 0.17375873, -0.9994523, -0.025314314, -0.021240354, 0.46568388, 1.7339844, 0.060467016)
bind/71/name = &"DEF-nose.L"
bind/71/bone = -1
bind/71/pose = Transform3D(-0.108589284, -0.020624578, -0.99387246, 0.13121904, -0.99133354, 0.0062348703, -0.98538655, -0.12973821, 0.11035522, 0.198727, 1.7521809, 0.22383642)
bind/72/name = &"DEF-brow.B.R"
bind/72/bone = -1
bind/72/pose = Transform3D(-0.8036877, 9.1398334e-08, 0.59505117, 0.54718316, 0.39295813, 0.739036, -0.23383021, 0.91955626, -0.31581572, -0.12740427, -0.7763591, -1.6099513)
bind/73/name = &"DEF-brow.B.R.001"
bind/73/bone = -1
bind/73/pose = Transform3D(-0.6733613, 2.8499041e-08, 0.73931324, 0.6746521, 0.40899038, 0.61446846, -0.3023721, 0.9125385, -0.27539843, -0.14204445, -0.78784144, -1.6067512)
bind/74/name = &"DEF-brow.B.R.002"
bind/74/bone = -1
bind/74/pose = Transform3D(-0.28068957, -2.144671e-08, 0.9597986, 0.9585672, 0.050640903, 0.28032964, -0.048604995, 0.9987169, -0.014214332, -0.16028923, -0.0953869, -1.7915661)
bind/75/name = &"DEF-brow.B.R.003"
bind/75/bone = -1
bind/75/pose = Transform3D(0.16691835, -6.553442e-08, 0.9859706, 0.8795487, -0.4519095, -0.14890164, 0.44556952, 0.89206386, -0.07543185, -0.1542878, 0.8551097, -1.5790452)
bind/76/name = &"DEF-brow.B.R.004"
bind/76/bone = -1
bind/76/pose = Transform3D(0.025311401, 0.17321265, 0.984559, -0.021244122, -0.9845589, 0.17375873, 0.9994523, -0.025314314, -0.021240354, -0.46568388, 1.7339844, 0.060467016)
bind/77/name = &"DEF-nose.R"
bind/77/bone = -1
bind/77/pose = Transform3D(-0.108589284, 0.020624578, 0.99387246, -0.13121904, -0.99133354, 0.0062348703, 0.98538655, -0.12973821, 0.11035522, -0.198727, 1.7521809, 0.22383642)
bind/78/name = &"DEF-brow.T.L"
bind/78/bone = -1
bind/78/pose = Transform3D(-0.95069224, 2.7402683e-07, -0.31013617, -0.26145664, 0.537853, 0.80147016, 0.16680795, 0.8430385, -0.51133263, 0.09839773, -1.0481938, -1.4511982)
bind/79/name = &"DEF-brow.T.L.001"
bind/79/bone = -1
bind/79/pose = Transform3D(-0.7778247, 1.6391273e-07, -0.62848103, -0.59989977, 0.29813677, 0.7424517, 0.18737349, 0.95452315, -0.23189805, 0.13223794, -0.6021441, -1.6909299)
bind/80/name = &"DEF-brow.T.L.002"
bind/80/bone = -1
bind/80/pose = Transform3D(-0.30536717, -5.3965834e-08, -0.9522345, -0.9498707, 0.070418894, 0.30460906, 0.06705532, 0.9975174, -0.021503588, 0.16297385, -0.13412833, -1.7963449)
bind/81/name = &"DEF-brow.T.L.003"
bind/81/bone = -1
bind/81/pose = Transform3D(0.09664186, 5.973789e-08, -0.9953194, -0.6263586, -0.777159, -0.060817335, -0.7735213, 0.62930423, -0.075106084, 0.16375647, 1.4215018, -1.1101097)
bind/82/name = &"DEF-brow.T.R"
bind/82/bone = -1
bind/82/pose = Transform3D(-0.95069224, -2.7402683e-07, 0.31013617, 0.26145664, 0.537853, 0.80147016, -0.16680795, 0.8430385, -0.51133263, -0.09839773, -1.0481938, -1.4511982)
bind/83/name = &"DEF-brow.T.R.001"
bind/83/bone = -1
bind/83/pose = Transform3D(-0.7778247, -1.6391273e-07, 0.62848103, 0.59989977, 0.29813677, 0.7424517, -0.18737349, 0.95452315, -0.23189805, -0.13223794, -0.6021441, -1.6909299)
bind/84/name = &"DEF-brow.T.R.002"
bind/84/bone = -1
bind/84/pose = Transform3D(-0.30536717, 5.3965834e-08, 0.9522345, 0.9498707, 0.070418894, 0.30460906, -0.06705532, 0.9975174, -0.021503588, -0.16297385, -0.13412833, -1.7963449)
bind/85/name = &"DEF-brow.T.R.003"
bind/85/bone = -1
bind/85/pose = Transform3D(0.09664186, -5.973789e-08, 0.9953194, 0.6263586, -0.777159, -0.060817335, 0.7735213, 0.62930423, -0.075106084, -0.16375647, 1.4215018, -1.1101097)
bind/86/name = &"DEF-cheek.B.L"
bind/86/bone = -1
bind/86/pose = Transform3D(-0.67302895, 0.039586127, -0.73855585, 0.63979816, 0.53214186, -0.55451083, 0.37106568, -0.8457288, -0.3834741, 0.062153712, -0.8406329, 1.4951386)
bind/87/name = &"DEF-cheek.B.L.001"
bind/87/bone = -1
bind/87/pose = Transform3D(-0.5588046, 0.07250108, -0.8261243, 0.2017531, 0.97812694, -0.050628286, 0.80438364, -0.19496474, -0.5612089, 0.011039823, -1.6956166, 0.3710746)
bind/88/name = &"DEF-cheek.B.R"
bind/88/bone = -1
bind/88/pose = Transform3D(-0.67302895, -0.039586127, 0.73855585, -0.63979816, 0.53214186, -0.55451083, -0.37106568, -0.8457288, -0.3834741, -0.062153712, -0.8406329, 1.4951386)
bind/89/name = &"DEF-cheek.B.R.001"
bind/89/bone = -1
bind/89/pose = Transform3D(-0.5588046, -0.07250108, 0.8261243, -0.2017531, 0.97812694, -0.050628286, -0.80438364, -0.19496474, -0.5612089, -0.011039823, -1.6956166, 0.3710746)
bind/90/name = &"DEF-cheek.T.L"
bind/90/bone = -1
bind/90/pose = Transform3D(-0.71813333, -5.2140734e-08, -0.6959059, -0.446745, -0.76673734, 0.46101353, -0.5335765, 0.64196175, 0.5506196, 0.13367955, 1.3385358, -1.1852529)
bind/91/name = &"DEF-cheek.T.L.001"
bind/91/bone = -1
bind/91/pose = Transform3D(-0.427094, 4.4589413e-08, -0.9042075, -0.84165627, 0.36547267, 0.39754888, 0.3304634, 0.9308227, -0.15609069, 0.15159728, -0.6636453, -1.6264539)
bind/92/name = &"DEF-cheek.T.R"
bind/92/bone = -1
bind/92/pose = Transform3D(-0.71813333, 5.2140734e-08, 0.6959059, 0.446745, -0.76673734, 0.46101353, 0.5335765, 0.64196175, 0.5506196, -0.13367955, 1.3385358, -1.1852529)
bind/93/name = &"DEF-cheek.T.R.001"
bind/93/bone = -1
bind/93/pose = Transform3D(-0.427094, -4.4589413e-08, 0.9042075, 0.84165627, 0.36547267, 0.39754888, -0.3304634, 0.9308227, -0.15609069, -0.15159728, -0.6636453, -1.6264539)
bind/94/name = &"DEF-forehead.L"
bind/94/bone = -1
bind/94/pose = Transform3D(0.10965099, 0.1797105, 0.97758895, 0.22324912, -0.9628435, 0.15195931, 0.9685742, 0.20158333, -0.14569741, -0.4881594, 1.739797, -0.35467842)
bind/95/name = &"DEF-forehead.L.001"
bind/95/bone = -1
bind/95/pose = Transform3D(0.43967947, 0.18637791, 0.87860495, 0.290312, -0.9552121, 0.05734769, 0.8499419, 0.22985488, -0.47409427, -0.49286225, 1.7437941, -0.3758054)
bind/96/name = &"DEF-forehead.L.002"
bind/96/bone = -1
bind/96/pose = Transform3D(0.8214231, 0.18075211, 0.54092574, 0.1253086, -0.98247236, 0.13800685, 0.5563968, -0.045576736, -0.8296711, -0.44688886, 1.7906971, 0.16374837)
bind/97/name = &"DEF-forehead.R"
bind/97/bone = -1
bind/97/pose = Transform3D(0.10965099, -0.1797105, -0.97758895, -0.22324912, -0.9628435, 0.15195931, -0.9685742, 0.20158333, -0.14569741, 0.4881594, 1.739797, -0.35467842)
bind/98/name = &"DEF-forehead.R.001"
bind/98/bone = -1
bind/98/pose = Transform3D(0.43967947, -0.18637791, -0.87860495, -0.290312, -0.9552121, 0.05734769, -0.8499419, 0.22985488, -0.47409427, 0.49286225, 1.7437941, -0.3758054)
bind/99/name = &"DEF-forehead.R.002"
bind/99/bone = -1
bind/99/pose = Transform3D(0.8214231, -0.18075211, -0.54092574, -0.1253086, -0.98247236, 0.13800685, -0.5563968, -0.045576736, -0.8296711, 0.44688886, 1.7906971, 0.16374837)
bind/100/name = &"DEF-nose"
bind/100/bone = -1
bind/100/pose = Transform3D(1, 0, 0, 0, -0.9366382, 0.35029775, 0, -0.35029778, -0.93663543, 0, 1.6130136, 0.7789148)
bind/101/name = &"DEF-nose.001"
bind/101/bone = -1
bind/101/pose = Transform3D(1, 0, 0, 0, -0.9171257, 0.39859784, 0, -0.39859805, -0.9171231, 0, 1.5425355, 0.86041)
bind/102/name = &"DEF-nose.004"
bind/102/bone = -1
bind/102/pose = Transform3D(1, 0, 0, 0, -0.999334, 0.03649166, 0, -0.03649169, -0.9993337, 0, 1.72001, 0.23508552)
bind/103/name = &"DEF-temple.L"
bind/103/bone = -1
bind/103/pose = Transform3D(-0.9704827, 0.009221567, -0.24099481, 0.037021074, -0.9817292, -0.18664804, -0.23831213, -0.19006233, 0.9524143, 0.067774124, 1.7981616, 0.2779268)
bind/104/name = &"DEF-temple.R"
bind/104/bone = -1
bind/104/pose = Transform3D(-0.9704827, -0.009221567, 0.24099481, -0.037021074, -0.9817292, -0.18664804, 0.23831213, -0.19006233, 0.9524143, -0.067774124, 1.7981616, 0.2779268)
bind/105/name = &"LeftShoulder"
bind/105/bone = -1
bind/105/pose = Transform3D(8.4750354e-08, 1.3038516e-08, 0.9999997, 0.9999999, -4.4703484e-08, -3.608875e-08, 2.9802322e-08, 0.99999964, 7.171184e-08, -0.030911095, -0.024602681, -1.5629599)
bind/106/name = &"DEF-shoulder-helper.L"
bind/106/bone = -1
bind/106/pose = Transform3D(0.0058839913, -7.549506e-08, 0.9999825, 0.6602927, -0.75099796, -0.0038852894, 0.7509851, 0.66030425, -0.0044187508, -0.023774927, 1.019622, -1.1609895)
bind/107/name = &"LeftUpperArm"
bind/107/bone = -1
bind/107/pose = Transform3D(-1.1175871e-07, -7.8231096e-08, -0.99999964, 1, -7.543713e-08, -1.4156103e-07, -1.06636435e-07, -0.9999998, -6.7055225e-08, 0.02260597, -0.19877666, 1.5323406)
bind/108/name = &"DEF-upper_arm.L.001"
bind/108/bone = -1
bind/108/pose = Transform3D(-1.1920929e-07, -7.8231096e-08, -0.99999946, 0.99999976, -1.14319846e-07, -1.4901161e-07, -1.5739352e-07, -0.9999995, -5.9604645e-08, 0.022911593, -0.2919889, 1.4255548)
bind/109/name = &"LeftLowerArm"
bind/109/bone = -1
bind/109/pose = Transform3D(-1.1920929e-07, -0.9999995, 5.9604645e-08, 0.9999997, -1.3411045e-07, -5.9604645e-08, 0, 2.0861626e-07, 0.99999934, 1.3187695, -0.38520133, -0.02321735)
bind/110/name = &"DEF-forearm.L.001"
bind/110/bone = -1
bind/110/pose = Transform3D(-1.4901161e-07, -0.9999994, 8.940697e-08, 0.99999964, -1.1920929e-07, -2.9802322e-08, 5.9604645e-08, 2.0861626e-07, 0.9999994, 1.2506926, -0.45654595, -0.124532044)
bind/111/name = &"LeftHand"
bind/111/bone = -1
bind/111/pose = Transform3D(2.9802322e-08, -2.0861626e-07, -0.9999992, 0.9999995, -1.1920929e-07, -1.1920929e-07, -1.4901161e-07, -0.99999934, 0, 0.22584681, -0.52789074, 1.1826158)
bind/112/name = &"LeftThumbMetacarpal"
bind/112/bone = -1
bind/112/pose = Transform3D(5.9604645e-08, 0.99999917, -3.7252903e-08, 0.8169922, 1.4901161e-07, 0.5777013, 0.5777016, -1.0430813e-07, -0.816992, -1.1756476, -0.5940126, -0.07819706)
bind/113/name = &"LeftIndexIntermediate"
bind/113/bone = -1
bind/113/pose = Transform3D(1.3411045e-07, -1.4901161e-07, -0.9999996, 0.9999998, 2.9802322e-08, -1.1920929e-07, -8.940697e-08, -0.9999994, 7.4505806e-08, 0.33975196, -0.5606024, 1.138801)
bind/114/name = &"LeftIndexDistal"
bind/114/bone = -1
bind/114/pose = Transform3D(5.9604645e-08, -1.6391277e-07, -0.9999993, 0.99999964, 5.9604645e-08, -1.4901161e-07, -8.940697e-08, -0.99999917, 7.4505806e-08, 0.3650086, -0.5643126, 1.1214561)
bind/115/name = &"DEF-f_index.03.L"
bind/115/bone = -1
bind/115/pose = Transform3D(0.6552344, -0.5771946, -0.4873539, -0.12165487, -0.71734154, 0.68601763, -0.74556524, -0.39021367, -0.54024553, 0.45496705, 0.5949966, 1.058835)
bind/116/name = &"LeftThumbProximal"
bind/116/bone = -1
bind/116/pose = Transform3D(1.1920929e-07, 0.9999994, -2.7939677e-08, 0.81699264, 5.9604645e-08, 0.5777013, 0.5777016, -2.0861626e-07, -0.8169923, -1.175648, -0.59401274, -0.07819684)
bind/117/name = &"LeftThumbDistal"
bind/117/bone = -1
bind/117/pose = Transform3D(1.1920929e-07, 0.9999996, 4.4703484e-08, 0.8169926, 6.7055225e-08, 0.5777012, 0.5777017, -2.3841858e-07, -0.8169923, -1.1659203, -0.58801377, -0.043263316)
bind/118/name = &"DEF-thumb.03.L"
bind/118/bone = -1
bind/118/pose = Transform3D(0.802578, 0.35793313, 0.4772338, -0.18837367, -0.6069998, 0.7720532, 0.5660243, -0.7095311, -0.4197397, -0.96829265, 0.5269401, 0.68336743)
bind/119/name = &"LeftMiddleProximal"
bind/119/bone = -1
bind/119/pose = Transform3D(-7.264316e-08, -3.594905e-07, -0.9999994, 0.99999964, -2.9802322e-07, -2.9616058e-07, -3.2782555e-07, -0.9999994, 9.313226e-08, 0.25824922, -0.5412243, 1.1651955)
bind/120/name = &"LeftMiddleIntermediate"
bind/120/bone = -1
bind/120/pose = Transform3D(-1.0430813e-07, -4.0233135e-07, -0.9999992, 0.99999964, -2.9802322e-07, -2.682209e-07, -3.5762787e-07, -0.9999994, 5.9604645e-08, 0.31944215, -0.5798256, 1.1248207)
bind/121/name = &"LeftMiddleDistal"
bind/121/bone = -1
bind/121/pose = Transform3D(-5.9604645e-08, -3.9488077e-07, -0.99999917, 0.9999995, -2.9802322e-07, -2.3841858e-07, -3.5762787e-07, -0.9999994, 8.940697e-08, 0.34507516, -0.5884559, 1.0945413)
bind/122/name = &"DEF-f_middle.03.L"
bind/122/bone = -1
bind/122/pose = Transform3D(0.5049641, -0.5040142, -0.70070046, 0.0062630484, -0.80964243, 0.5868897, -0.86311764, -0.30074698, -0.40568385, 0.49712116, 0.64810425, 0.980824)
bind/123/name = &"LeftRingProximal"
bind/123/bone = -1
bind/123/pose = Transform3D(1.1641532e-07, -1.1269003e-07, -0.99999934, 0.99999964, -2.9802322e-08, -2.8871e-08, 2.9802322e-08, -0.9999995, -8.1025064e-08, 0.24706623, -0.5523413, 1.1527319)
bind/124/name = &"LeftRingIntermediate"
bind/124/bone = -1
bind/124/pose = Transform3D(1.1920929e-07, -8.195639e-08, -0.99999934, 0.99999964, 5.9604645e-08, -1.4901161e-08, 2.9802322e-08, -0.9999994, -3.7252903e-08, 0.29910725, -0.5888431, 1.1153603)
bind/125/name = &"LeftRingDistal"
bind/125/bone = -1
bind/125/pose = Transform3D(1.7881393e-07, -1.4156103e-07, -0.99999946, 0.99999976, 8.940697e-08, -2.9802322e-08, 2.9802322e-08, -0.9999995, -8.195639e-08, 0.31691018, -0.5995199, 1.0864122)
bind/126/name = &"DEF-f_ring.03.L"
bind/126/bone = -1
bind/126/pose = Transform3D(0.43239337, -0.37407205, -0.82043004, 0.09738961, -0.88518786, 0.45492554, -0.89640987, -0.27660856, -0.34631863, 0.40904158, 0.72999865, 0.9515229)
bind/127/name = &"LeftLittleProximal"
bind/127/bone = -1
bind/127/pose = Transform3D(-8.568168e-08, -1.611188e-07, -0.9999994, 0.9999997, -1.1920929e-07, -1.8253922e-07, -3.2782555e-07, -0.9999996, 5.122274e-08, 0.24046169, -0.5569594, 1.1480381)
bind/128/name = &"LeftLittleIntermediate"
bind/128/bone = -1
bind/128/pose = Transform3D(-7.4505806e-08, -2.2351742e-07, -0.9999993, 0.9999997, -1.1920929e-07, -1.4901161e-07, -3.874302e-07, -0.9999995, 6.7055225e-08, 0.27643004, -0.5905145, 1.1037726)
bind/129/name = &"LeftLittleDistal"
bind/129/bone = -1
bind/129/pose = Transform3D(-5.9604645e-08, -2.0861626e-07, -0.99999934, 0.9999997, -8.940697e-08, -1.4901161e-07, -3.2782555e-07, -0.99999946, 7.4505806e-08, 0.28638035, -0.59759307, 1.0816934)
bind/130/name = &"DEF-f_pinky.03.L"
bind/130/bone = -1
bind/130/pose = Transform3D(0.33355466, -0.3218206, -0.88609946, 0.11389086, -0.9192887, 0.37674657, -0.93582577, -0.22658417, -0.26998073, 0.40307042, 0.79993135, 0.882228)
bind/131/name = &"RightShoulder"
bind/131/bone = -1
bind/131/pose = Transform3D(8.4750354e-08, -1.3038516e-08, -0.9999997, -0.9999999, -4.4703484e-08, -3.608875e-08, -2.9802322e-08, 0.99999964, 7.171184e-08, 0.030911095, -0.024602681, -1.5629599)
bind/132/name = &"DEF-shoulder-helper.R"
bind/132/bone = -1
bind/132/pose = Transform3D(0.0058839913, 7.549506e-08, -0.9999825, -0.6602927, -0.75099796, -0.0038852894, -0.7509851, 0.66030425, -0.0044187508, 0.023774927, 1.019622, -1.1609895)
bind/133/name = &"RightUpperArm"
bind/133/bone = -1
bind/133/pose = Transform3D(-1.1175871e-07, 7.8231096e-08, 0.99999964, -1, -7.543713e-08, -1.4156103e-07, 1.06636435e-07, -0.9999998, -6.7055225e-08, -0.02260597, -0.19877666, 1.5323406)
bind/134/name = &"DEF-upper_arm.R.001"
bind/134/bone = -1
bind/134/pose = Transform3D(-1.1920929e-07, 7.8231096e-08, 0.99999946, -0.99999976, -1.14319846e-07, -1.4901161e-07, 1.5739352e-07, -0.9999995, -5.9604645e-08, -0.022911593, -0.2919889, 1.4255548)
bind/135/name = &"RightLowerArm"
bind/135/bone = -1
bind/135/pose = Transform3D(-1.3411045e-07, 0.9999994, 0, -0.9999997, -1.7881393e-07, -8.940697e-08, -8.940697e-08, 1.4901161e-07, 0.9999993, -1.3187693, -0.38520125, -0.023217201)
bind/136/name = &"DEF-forearm.R.001"
bind/136/bone = -1
bind/136/pose = Transform3D(-1.6391277e-07, 0.99999946, -2.9802322e-08, -0.99999976, -1.4901161e-07, -8.940697e-08, -5.9604645e-08, 5.9604645e-08, 0.9999994, -1.2506926, -0.45654604, -0.124532014)
bind/137/name = &"RightHand"
bind/137/bone = -1
bind/137/pose = Transform3D(-2.9802322e-08, 8.940697e-08, 0.9999994, -0.9999997, -1.7881393e-07, -1.1920929e-07, 2.0861626e-07, -0.9999995, -2.9802322e-08, -0.22584668, -0.5278908, 1.182616)
bind/138/name = &"RightThumbMetacarpal"
bind/138/bone = -1
bind/138/pose = Transform3D(5.9604645e-08, -0.9999994, -4.8428774e-08, -0.81699246, -8.940697e-08, 0.57770157, -0.57770175, -1.937151e-07, -0.81699216, 1.175648, -0.5940125, -0.07819697)
bind/139/name = &"RightIndexIntermediate"
bind/139/bone = -1
bind/139/pose = Transform3D(8.940697e-08, 1.4901161e-08, 0.99999964, -1, -1.1920929e-07, -1.0430813e-07, 0, -0.99999964, -1.4901161e-07, -0.3397519, -0.5606024, 1.1388013)
bind/140/name = &"RightIndexDistal"
bind/140/bone = -1
bind/140/pose = Transform3D(-2.9802322e-08, -8.940697e-08, 0.9999994, -0.9999998, -1.7881393e-07, -1.4901161e-07, 2.9802322e-08, -0.99999946, -7.4505806e-08, -0.3650085, -0.56431264, 1.1214565)
bind/141/name = &"DEF-f_index.03.R"
bind/141/bone = -1
bind/141/pose = Transform3D(0.6552344, 0.57719463, 0.487354, 0.12165463, -0.7173419, 0.686018, 0.7455654, -0.39021376, -0.54024565, -0.45496717, 0.5949967, 1.0588351)
bind/142/name = &"RightThumbProximal"
bind/142/bone = -1
bind/142/pose = Transform3D(1.4901161e-07, -0.9999995, -1.0430813e-07, -0.81699264, -1.7881393e-07, 0.57770157, -0.5777016, -1.0430813e-07, -0.81699216, 1.1756482, -0.59401256, -0.07819703)
bind/143/name = &"RightThumbDistal"
bind/143/bone = -1
bind/143/pose = Transform3D(2.3841858e-07, -0.9999997, -2.9802322e-08, -0.81699246, -1.6391277e-07, 0.5777015, -0.5777017, -1.1920929e-07, -0.8169923, 1.1659203, -0.5880135, -0.043263555)
bind/144/name = &"DEF-thumb.03.R"
bind/144/bone = -1
bind/144/pose = Transform3D(0.802578, -0.3579332, -0.47723377, 0.18837363, -0.6070001, 0.7720532, -0.56602424, -0.7095312, -0.4197397, 0.96829265, 0.5269405, 0.68336767)
bind/145/name = &"RightMiddleProximal"
bind/145/bone = -1
bind/145/pose = Transform3D(-1.7881393e-07, 1.3969839e-07, 0.9999993, -0.99999964, -2.9802322e-07, -1.5832484e-07, 2.3841858e-07, -0.9999994, 1.8626451e-08, -0.25824898, -0.54122424, 1.1651955)
bind/146/name = &"DEF-attachment.hand.R"
bind/146/bone = -1
bind/146/pose = Transform3D(0.99999976, -6.5565075e-07, 6.519254e-08, -4.284078e-08, 8.195638e-08, 0.99999976, -5.9604616e-07, -0.99999976, -1.1175905e-08, 0.51301837, -0.20742959, 1.1044226)
bind/147/name = &"RightMiddleIntermediate"
bind/147/bone = -1
bind/147/pose = Transform3D(-1.6391277e-07, 5.9604645e-08, 0.9999993, -0.9999996, -1.7881393e-07, -1.7881393e-07, 2.682209e-07, -0.9999994, -1.4901161e-08, -0.31944188, -0.57982564, 1.1248205)
bind/148/name = &"RightMiddleDistal"
bind/148/bone = -1
bind/148/pose = Transform3D(-2.0861626e-07, 5.9604645e-08, 0.99999934, -0.9999997, -8.940697e-08, -8.940697e-08, 2.682209e-07, -0.9999994, -7.450581e-09, -0.34507486, -0.5884564, 1.0945414)
bind/149/name = &"DEF-f_middle.03.R"
bind/149/bone = -1
bind/149/pose = Transform3D(0.5049641, 0.50401413, 0.70070034, -0.006263057, -0.80964243, 0.5868896, 0.86311764, -0.300747, -0.40568388, -0.49712116, 0.64810425, 0.9808239)
bind/150/name = &"RightRingProximal"
bind/150/bone = -1
bind/150/pose = Transform3D(2.8871e-08, 2.2351742e-08, 0.99999946, -0.99999976, -5.9604645e-08, 6.519258e-09, 1.4901161e-07, -0.9999995, -1.1455268e-07, -0.24706613, -0.55234134, 1.1527324)
bind/151/name = &"RightRingIntermediate"
bind/151/bone = -1
bind/151/pose = Transform3D(2.9802322e-08, 5.9604645e-08, 0.9999994, -0.9999999, -2.9802322e-08, 1.4901161e-08, 5.9604645e-08, -0.99999964, -2.9802322e-08, -0.29910725, -0.5888432, 1.1153609)
bind/152/name = &"RightRingDistal"
bind/152/bone = -1
bind/152/pose = Transform3D(0, 7.4505806e-08, 0.99999934, -0.9999999, 0, 5.9604645e-08, 5.9604645e-08, -0.9999996, 0, -0.31691012, -0.59951997, 1.0864125)
bind/153/name = &"DEF-f_ring.03.R"
bind/153/bone = -1
bind/153/pose = Transform3D(0.43239334, 0.37407205, 0.8204301, -0.09738988, -0.8851879, 0.4549257, 0.89641, -0.2766086, -0.34631863, -0.40904167, 0.7299988, 0.95152307)
bind/154/name = &"RightLittleProximal"
bind/154/bone = -1
bind/154/pose = Transform3D(-2.7939677e-08, -6.7055225e-08, 0.9999994, -0.99999976, -8.940697e-08, -9.49949e-08, 2.9802322e-08, -0.9999996, -1.7508864e-07, -0.2404614, -0.5569595, 1.1480381)
bind/155/name = &"RightLittleIntermediate"
bind/155/bone = -1
bind/155/pose = Transform3D(-1.4901161e-08, -5.9604645e-08, 0.99999946, -0.9999997, -8.940697e-08, 1.4901161e-08, 2.9802322e-08, -0.9999995, -9.685755e-08, -0.27642977, -0.59051454, 1.1037725)
bind/156/name = &"RightLittleDistal"
bind/156/bone = -1
bind/156/pose = Transform3D(-2.9802322e-08, -5.9604645e-08, 0.99999934, -0.9999997, -8.940697e-08, 2.9802322e-08, 2.9802322e-08, -0.99999946, -1.2665987e-07, -0.2863801, -0.5975932, 1.0816932)
bind/157/name = &"DEF-f_pinky.03.R"
bind/157/bone = -1
bind/157/pose = Transform3D(0.3335546, 0.32182056, 0.88609946, -0.11389064, -0.9192879, 0.37674603, 0.9358255, -0.22658412, -0.2699805, -0.40307042, 0.7999309, 0.8822277)
bind/158/name = &"DEF-pelvis-helper.L"
bind/158/bone = -1
bind/158/pose = Transform3D(0.9962024, 0.08687728, -0.0058544436, 0.087074175, -0.9939478, 0.06697967, -1.351536e-06, -0.067235425, -0.9977382, -0.20320824, 1.0114264, 0.06788781)
